0 59EB 0.49582 1 S
1 5522 0.46944 1 1
2 504F 0.44283 1 1
3 4B85 0.41643 1 1
4 4639 0.38722 1 1
5 415E 0.36044 1 1
6 3C3D 0.33216 1 1
7 375E 0.30530 1 1
8 32B4 0.27958 1 2
9 2E17 0.25415 1 1
10 299A 0.22940 1 2
11 2516 0.20450 1 1
12 1EDF 0.17023 1 1
13 1AA9 0.14701 1 2
14 174E 0.12851 1 1
15 1424 0.11106 1 2
16 119C 0.09710 1 1
17 0F6B 0.08502 1 2
18 0D51 0.07343 1 2
19 0BB6 0.06458 1 1
20 0A40 0.05652 1 2
21 0861 0.04620 1 2
22 0706 0.03873 1 2
23 05CD 0.03199 1 2
24 04DE 0.02684 1 1
25 040F 0.02238 1 2
26 0363 0.01867 1 2
27 02D4 0.01559 1 2
28 025C 0.01301 1 2
29 01F8 0.01086 1 2
30 01A4 0.00905 1 2
31 0160 0.00758 1 2
32 0125 0.00631 1 2
33 00F6 0.00530 1 2
34 00CB 0.00437 1 2
35 00AB 0.00368 1 1
36 008F 0.00308 1 2
37 0068 0.00224 1 2
38 004E 0.00168 1 2
39 003B 0.00127 1 2
40 002C 0.00095 1 2
41 001A 0.00056 1 3
42 000D 0.00028 1 2
43 0006 0.00013 1 2
44 0003 0.00006 1 2
45 0001 0.00002 0 1